$ANSIBLE_VAULT;1.1;AES256
66333063326461623035396339366164343863366633623935363231643862646563303765333531
3030646466613330383538346562313861326438306130640a396361616561623037623862333830
34303664663363313932386538633063316130623034666464336565326566333734303366643231
6333306266343730360a376636633033346330653763346431393339316262666462363766316466
37643263643431356265646434313935383234653365623734393130336337326563623862323962
30373164303234643931616633393134373864366633363865333131636235623563653135356130
39653534623432313965636234393038316633616133623338363439666539633761393262326665
63663864386636373765643461316235383264386339313361626663646535313164633962623064
30396434623165383239333537393265633730313835333566653530646238366133363735343134
64633839613032373363363566383136343966623337346234633266326433396435626134363136
37376634326166313537356532353837646230633135396130326461653137373934326138633734
62333935646338633735
